"Abadeh"	"Barcelona"	"Berlin"	"Colombo"	"Copenhagen"	"Crete"	"Denver"	"Guimaraes"	"Isfahan"	"Johannesburg"	"Lahijan"	"Lisbon"	"London"	"MexicoCity"	"Monterrey"	"Nairobi"	"Nowshahr"	"Perth"	"PigeonIsland"	"Prague"	"SaltLakeCity"	"Salvador"	"SanCristobalDeLasCasas"	"Santiago"	"Sardinia"	"Tatui"	"Tehran"	"TelAviv"	"TlaxcalaDeXicohtencatl"	"Torshavn"	"Trincomalee"	"Vernelle"	"WadiHidan"
"Abadeh"	0	755039	1332253	1471166	1204164	1176632	1486072	1459666	924893	1365788	895110	1250548	1386525	1143009	1179480	1188882	1152352	1450146	1373105	1351289	1292209	1204201	1102169	1239989	1342093	1120218	1342563	1004878	1186345	1461572	1408607	1189032	1398721
"Barcelona"	0.072354	0	949541	1071610	832806	836198	1093925	1054539	649996	969854	651529	885403	993732	774399	820281	775526	803564	1045582	982532	973660	865291	807281	767158	869381	950065	765922	890251	746989	825193	1064907	1011275	834176	1005305
"Berlin"	0.076212	0.055531	0	2161045	1568671	1759023	2186298	2084754	1211107	1774421	1173223	1714201	2037265	1318396	1550120	1396786	1489427	2075906	2016865	1744428	1597046	1599415	1435121	1669788	1980297	1290486	1619023	1428365	1552209	2140235	2064006	1601013	2023887
"Colombo"	0.086107	0.087044	0.081085	0	1716684	2412473	2860857	2488724	1262867	2165349	1223612	1858732	2667130	1452842	1661609	1636226	1598524	2456653	2748770	2062901	1732480	1687400	1517427	1896567	2709388	1407204	1845220	1876482	1662914	2780321	2793161	1703280	2558734
"Copenhagen"	0.100979	0.071933	0.060736	0.107773	0	1338465	1726143	1686506	1118052	1510719	1102613	1470296	1601512	1251792	1544611	1267843	1468232	1700422	1573534	1523817	1447072	1395847	1411405	1625681	1555534	1236670	1434215	1109298	1516959	1688157	1615774	1408452	1622398
"Crete"	0.075982	0.094402	0.096062	0.118537	0.128376	0	2592043	2108571	857765	1931058	823857	1443955	2441983	1057948	1265240	1479388	1198417	2078388	2646003	1723229	1338139	1279469	1115237	1540406	2629448	1009611	1546299	1930304	1262878	2485227	2633105	1288013	2250283
"Denver"	0.096818	0.078659	0.062335	0.09792	0.087652	0.128293	0	2528597	1262592	2229049	1221175	1866528	2817130	1469460	1664967	1660788	1604197	2495950	3001452	2109415	1748470	1698718	1519752	1908972	2966718	1419485	1864847	1964591	1670944	2913077	3028903	1708261	2655801
"Guimaraes"	0.061077	0.043021	0.036454	0.070361	0.060188	0.081954	0.053914	0	1240533	2066640	1202032	1844039	2367456	1451016	1636599	1605007	1566534	2349666	2352110	2003545	1725649	1682611	1497982	1850138	2320815	1404951	1819952	1713102	1637209	2481871	2402750	1691980	2339523
"Isfahan"	0.13695	0.115947	0.110822	0.115766	0.128391	0.17699	0.138874	0.104157	0	1021890	1138104	1187506	1116832	925724	1161520	813637	1227125	1258886	1088110	1066782	1181928	1182498	1190438	1059348	1051706	926641	1030889	661487	1213680	1217046	1136144	1203212	1166749
"Johannesburg"	0.094985	0.063863	0.05403	0.089003	0.061733	0.120191	0.073122	0.049663	0.096767	0	992558	1570774	2104321	1370595	1442257	1612863	1360992	2042298	2110899	1946769	1528574	1442331	1298593	1662518	2077348	1329589	1717197	1610965	1426869	2179636	2147087	1422502	2025256
"Lahijan"	0.078865	0.08501	0.079904	0.085244	0.097431	0.113999	0.101173	0.068083	0.087379	0.083527	0	1147747	1085092	899179	1146111	789402	1203572	1213410	1059333	1041046	1134505	1135574	1167343	1045947	1026072	899137	1001649	639568	1189410	1185112	1106857	1161978	1138954
"Lisbon"	0.068354	0.051589	0.044752	0.075613	0.067803	0.088199	0.060529	0.03123	0.107503	0.058468	0.07331	0	1726146	1244066	1473038	1267475	1430996	1833337	1689234	1573648	1509966	1518809	1387720	1525686	1649406	1229891	1497895	1200548	1482764	1830205	1740236	1542867	1753936
"London"	0.103525	0.06824	0.048364	0.098823	0.063141	0.129866	0.07603	0.0493	0.122795	0.045658	0.095792	0.059896	0	1336107	1529672	1588726	1456882	2334481	2843459	1964173	1604609	1554789	1380564	1790999	2812840	1290959	1761353	1905099	1522744	2729207	2859676	1560591	2514492
"MexicoCity"	0.089659	0.057548	0.056803	0.091873	0.069037	0.119252	0.066357	0.045059	0.110996	0.053764	0.086834	0.052	0.064878	0	1217968	1176395	1174959	1441606	1306073	1415387	1296645	1203650	1133451	1294307	1272304	1235239	1291573	901784	1216414	1432931	1351931	1175264	1362234
"Monterrey"	0.110859	0.083427	0.078731	0.111567	0.097807	0.136577	0.084854	0.066757	0.134568	0.081515	0.106076	0.07071	0.096666	0.043723	0	1209041	1475708	1645500	1504673	1464700	1429505	1406591	1451289	1538555	1479087	1203517	1394689	1046375	1541034	1624663	1548847	1419727	1567100
"Nairobi"	0.112216	0.097583	0.091272	0.105399	0.107255	0.144842	0.117206	0.085383	0.113717	0.088775	0.099808	0.086923	0.106158	0.092669	0.115527	0	1135012	1590323	1577545	1547610	1281272	1175211	1078096	1376569	1553502	1155528	1461876	1270619	1190157	1634158	1599541	1155761	1553932
"Nowshahr"	0.111038	0.089755	0.084828	0.095942	0.098484	0.151096	0.112462	0.0781	0.049855	0.074918	0.069752	0.082064	0.091002	0.085887	0.111819	0.099794	0	1584678	1428565	1389963	1417065	1389390	1433966	1429853	1403442	1163237	1330471	974088	1508103	1556543	1476068	1407154	1498477
"Perth"	0.125549	0.089663	0.072226	0.117998	0.088901	0.15817	0.102847	0.070483	0.140739	0.067963	0.118081	0.081873	0.054801	0.087077	0.121408	0.128246	0.115419	0	2312929	1974343	1729767	1691305	1508936	1845889	2279624	1404010	1802486	1679880	1649943	2438871	2362430	1696793	2284653
"PigeonIsland"	0.109931	0.14762	0.141366	0.12068	0.173761	0.155057	0.162928	0.127234	0.205884	0.165759	0.149814	0.13234	0.166819	0.165178	0.180908	0.185329	0.182068	0.187898	0	1953696	1568318	1515101	1351349	1772904	3156477	1259438	1739873	1973966	1497409	2834681	3230723	1530977	2582632
"Prague"	0.077518	0.057529	0.037963	0.088433	0.059343	0.09897	0.065264	0.04048	0.113309	0.053152	0.084932	0.047394	0.057569	0.054907	0.07423	0.095345	0.085471	0.081005	0.149637	0	1554193	1463084	1333500	1647490	1913750	1381863	1671216	1462816	1451171	2067222	1998584	1448118	1938606
"SaltLakeCity"	0.09173	0.059405	0.04731	0.091219	0.05836	0.116231	0.063499	0.043272	0.10227	0.039586	0.08297	0.0535	0.044275	0.048923	0.077818	0.092697	0.075938	0.065749	0.162117	0.046305	0	1476709	1364328	1453127	1526262	1282602	1482012	1124214	1447908	1706147	1616194	1459632	1625749
"Salvador"	0.105841	0.07733	0.062226	0.105026	0.082252	0.129623	0.084075	0.056515	0.132485	0.068697	0.104775	0.065857	0.06215	0.073347	0.099971	0.115741	0.10648	0.0866	0.170797	0.067829	0.061713	0	1348689	1407601	1474261	1188207	1401700	1042555	1426569	1657090	1565728	1471687	1581642
"SanCristobalDeLasCasas"	0.118964	0.094179	0.088875	0.121576	0.108282	0.148327	0.097614	0.07577	0.144163	0.090356	0.115561	0.079246	0.106381	0.052288	0.061659	0.122906	0.120812	0.130195	0.192186	0.086797	0.084376	0.107087	0	1371779	1323219	1125532	1273682	907965	1470843	1480168	1398327	1363256	1425666
"Santiago"	0.107557	0.084838	0.081308	0.115225	0.101479	0.140332	0.098694	0.069555	0.140309	0.085808	0.107216	0.073535	0.101275	0.067515	0.083914	0.11508	0.115676	0.126547	0.181622	0.079981	0.081248	0.100125	0.092024	0	1758115	1265158	1535752	1273341	1500737	1872594	1811413	1413302	1793473
"Sardinia"	0.05944	0.07318	0.07058	0.092908	0.103342	0.087229	0.091751	0.056145	0.151273	0.101209	0.093032	0.064354	0.100569	0.09401	0.111896	0.125099	0.122827	0.125748	0.125734	0.078753	0.094863	0.101563	0.122227	0.109485	0	1223379	1707058	1960640	1467560	2800327	3123984	1492102	2565580
"Tatui"	0.117752	0.099619	0.092735	0.128204	0.112778	0.148775	0.11946	0.082114	0.152421	0.103047	0.12242	0.085097	0.11172	0.094455	0.11131	0.12935	0.129589	0.136713	0.192383	0.092016	0.099099	0.105164	0.121537	0.115486	0.121023	0	1272402	867789	1200961	1388263	1304915	1166738	1321942
"Tehran"	0.039418	0.055917	0.056816	0.062858	0.074983	0.068126	0.074968	0.04269	0.084896	0.067559	0.050808	0.049612	0.075889	0.064844	0.083326	0.082207	0.062906	0.097495	0.110537	0.059372	0.064855	0.080931	0.092259	0.084131	0.055238	0.0947	0	1327267	1385354	1838600	1778390	1394312	1760233
"TelAviv"	0.08093	0.068785	0.063988	0.088762	0.08421	0.104216	0.087501	0.056417	0.114624	0.071385	0.084651	0.062789	0.077544	0.072945	0.093965	0.096599	0.089962	0.09729	0.151519	0.068769	0.068603	0.088167	0.100949	0.096688	0.088496	0.108796	0.057412	0	1031672	1916629	1971729	1058113	1794554
"TlaxcalaDeXicohtencatl"	0.103295	0.078524	0.073555	0.106165	0.089804	0.133562	0.084249	0.061047	0.12952	0.073184	0.098974	0.066001	0.09031	0.036993	0.049465	0.106702	0.103933	0.114555	0.177047	0.071771	0.069755	0.093831	0.06187	0.081441	0.106439	0.106987	0.076538	0.088928	0	1623999	1542325	1441464	1561146
"Torshavn"	0.106308	0.12245	0.112417	0.137291	0.145718	0.136996	0.137446	0.099701	0.199294	0.140736	0.142035	0.106123	0.137176	0.140186	0.159232	0.171221	0.171243	0.167893	0.170913	0.119198	0.135339	0.146512	0.169432	0.157851	0.100651	0.167032	0.100657	0.135186	0.153826	0	2875631	1672853	2585085
"Trincomalee"	0.100266	0.136478	0.128164	0.10689	0.160588	0.143312	0.147477	0.113751	0.187362	0.150555	0.132996	0.11935	0.152206	0.151352	0.165524	0.167607	0.16492	0.173469	0.034487	0.136274	0.147873	0.156011	0.177203	0.165916	0.114084	0.178745	0.097629	0.137402	0.161285	0.159497	0	1582153	2614173
"Vernelle"	0.062648	0.066689	0.056844	0.086289	0.088684	0.086063	0.079422	0.047451	0.135849	0.085684	0.086766	0.054739	0.086671	0.076835	0.096347	0.107682	0.105871	0.110126	0.130176	0.061692	0.079374	0.088476	0.106915	0.097396	0.05733	0.105511	0.055812	0.082093	0.092391	0.094466	0.118447	0	1606862
"WadiHidan"	0.06078	0.078079	0.073282	0.086858	0.101899	0.091534	0.093892	0.062405	0.137513	0.095467	0.088036	0.069022	0.097479	0.091501	0.10885	0.113265	0.111843	0.118365	0.129356	0.080481	0.091439	0.098709	0.11898	0.109425	0.070221	0.118719	0.054474	0.064531	0.102991	0.115413	0.11677	0.068845	0
